30902	0.03875203804403984	0.6561711445572406	0.3050768173987175
30903	0.001992548117039483	0.935855229852702	0.062152222030264416
30904	0.012013094024991927	0.1018630234400486	0.8861238825349592
30905	0.8387099144815412	0.12743069876341084	0.033859386755047814
30906	0.04643073947247104	0.9534576566839046	0.00011160384362103792
30907	0.021957776310497796	0.8982720380492499	0.07977018564024911
30908	0.358275972784268	0.6352465612409262	0.006477465974795529
30909	1.1105096774368152e-09	0.0026173727173989547	0.997382626172092
30910	8.254565906965467e-11	0.001151009220639235	0.998848990696811
30911	0.0008977707494373084	0.9990628629907393	3.9366259821695946e-05
30912	0.004760459446033897	0.9949296763389738	0.0003098642149981627
30913	0.0012824061138765968	0.9572846401243081	0.041432953761811234
30914	0.006510659232616439	0.5893471777433299	0.4041421630240552
30915	0.047829181366905026	0.7318091766548445	0.22036164197825167
30916	1.1242214878823882e-05	0.05084113191379544	0.9491476258713255
30917	0.0003082099884493251	0.9978831666132045	0.0018086233983521927
30918	0.053338803198288515	0.7850652368544635	0.1615959599472449
30919	9.60630706086793e-06	0.9895960265712805	0.0103943671216545
30920	1.4253413020797896e-12	0.9999999952586195	4.739948902933178e-09
30921	0.11037162497271359	0.8873994723800749	0.002228902647216389
30922	0.05669129130188744	0.09287892631013579	0.8504297823879831
30923	0.0020836275146028623	0.22843050876847765	0.7694858637169212
30924	0.0009405507941242702	0.9984743470063843	0.000585102199488365
30925	0.0007795881703116989	0.5303863952252023	0.4688340166044844
30926	0.008176561841389604	0.6268523556478024	0.36497108251080934
30927	0.026853825621051264	0.7499681868890794	0.22317798748987025
30928	0.86570313871536	0.12643799451728396	0.00785886676735021
30929	0.0006782027300112845	0.9829574909178113	0.016364306352179992
30930	0.00012929180891089144	0.9977691315724018	0.0021015766186893393
30931	0.9996114396036568	0.0003619848440990676	2.6575552257903052e-05
30932	0.0050005414645421815	0.9652931519813959	0.029706306554057257
30933	0.02868331003709859	0.9305864497128602	0.040730240250038414
30934	0.0010351672310034306	0.8145785567320807	0.1843862760369174
30935	0.017556686793612	0.8895991757331676	0.09284413747322073
30936	0.1784648764049795	0.8215035712878874	3.1552307133301e-05
30937	0.4104698237640278	0.5019798490383475	0.08755032719762318
30938	0.0015915410308965452	0.9957736512566547	0.0026348077124433776
30939	0.013426649377935598	0.950841349205614	0.03573200141644864
30940	0.0019564703067680837	0.44751920232497927	0.55052432736825
30941	0.03894595283582453	0.957894832029188	0.003159215134990208
30942	0.00043824706217404706	0.8786925171521391	0.1208692357856899
30943	0.003675926078738921	0.9060259694516729	0.09029810446958775
30944	0.0003772998785567899	0.9996129780641891	9.722057257990414e-06
30945	0.0017632918294653022	0.9829607618747173	0.01527594629581853
30946	0.010430901955639492	0.9828619229086856	0.006707175135666898
30947	2.6722270453368277e-05	0.3038957669840534	0.6960775107454957
30948	0.000268885077097019	0.37590141254180964	0.6238297023810929
30949	0.571278530106756	0.4223279401965088	0.006393529696732225
30950	0.15348741269259727	0.7230151360957463	0.123497451211656
30951	0.153227066350839	0.8377611101803323	0.009011823468833113
30952	0.010866496011974786	0.980620139912716	0.008513364075308304
30953	1.832178258027982e-05	0.7961134875785432	0.2038681906388732
30954	0.00034072866539314433	0.9399845936050131	0.05967467772959683
30955	7.795336959137707e-07	0.7440374224390313	0.25596179802726854
30956	1.404317898357164e-05	0.8630871895103184	0.1368987673107011
30957	0.00011877929723057843	0.6994845277340165	0.30039669296875326
30958	0.02042369863971835	0.9789253071229306	0.0006509942373578076
30959	0.00033825400958608336	0.9992832629650722	0.00037848302534276065
30960	6.075825853214805e-05	0.9998678965169486	7.13452245100957e-05
30961	0.0025178431821098737	0.964108495847474	0.03337366097041833
30962	0.03838808872610985	0.946505353741211	0.015106557532682302
30963	1.1546624675336893e-07	0.00014389242274831052	0.9998559921110107
30964	0.00020241124401678852	0.9978753965435551	0.0019221922124352526
30965	0.0014930878633222734	0.9953497080596954	0.0031572040769827442
30966	0.42152551978730946	0.5780403981473009	0.00043408206538165384
30967	0.008225921214023392	0.7082595127322177	0.283514566053761
30968	0.17892747460080854	0.4131640951866398	0.4079084302125509
30969	0.008652877270072721	0.914937859708593	0.07640926302133658
30970	0.022059507788923204	0.6467609735987092	0.3311795186123617
30971	0.12724419649431565	0.8720995362837856	0.0006562672219040944
30972	1.3146870544843422e-05	0.9983834496134057	0.0016034035160610639
30973	0.18928339238523076	0.7167662390582824	0.09395036855648572
30974	0.3978945607149309	0.5869488512518201	0.015156588033253548
30975	0.0541078469484761	0.7646403573417636	0.1812517957097596
30976	0.0333067179734965	0.965905937114364	0.0007873449121361754
30977	0.017242859871764916	0.9439731214560583	0.038784018672177886
30978	0.042035480573424454	0.8643954915418001	0.09356902788477643
30979	0.005050132642510302	0.9945784858290122	0.0003713815284709256
30980	0.37783965545680187	0.5353351264854469	0.08682521805774697
30981	0.0759723380753738	0.8358230587456147	0.08820460317901663
30982	0.018827859492633457	0.8104978323694169	0.1706743081379428
30983	0.00042136918005849106	0.9946193840253684	0.004959246794571254
30984	0.8536418425618795	0.14106111202765514	0.005297045410463496
30985	0.08493411281051128	0.2104431118944559	0.7046227752950347
30986	9.565715305055678e-12	0.1199446241033256	0.8800553758871018
30987	0.5431224883497053	0.43271084082976397	0.024166670820536904
30988	0.0009301939042647489	0.9979274534297076	0.0011423526660288331
30989	0.020095247451686997	0.9795186049839569	0.00038614756434930046
30990	0.0982024738840838	0.8989963125483104	0.002801213567610944
30991	0.005987215895523585	0.9934867530784057	0.0005260310260739501
30992	0.000543238057987763	0.9990428697273663	0.00041389221465239445
30993	0.004450985790327586	0.9670600724269195	0.02848894178275585
30994	0.037301182595375605	0.9623069025713822	0.00039191483323957525
30995	0.005049963117432316	0.9879968804814848	0.006953156401075996
30996	0.03749045815557247	0.7023172285954536	0.2601923132489701
30997	0.00523469384446829	0.8325727067783418	0.16219259937718833
30998	0.0003208952688745732	0.9197132234090353	0.07996588132208939
30999	0.41976376134415294	0.5780923858351702	0.0021438528206812303
31000	0.31841320126795386	0.6811622116919254	0.00042458704011938284
31001	0.003079024033754711	0.9627426413718795	0.03417833459436893
31002	0.8220531720564331	0.1761790102159716	0.001767817727595178
31003	0.42368953004153204	0.5613256489291033	0.014984821029366348
31004	0.0347621882259872	0.951059390068038	0.01417842170598163
31005	0.1482859767746401	0.7619329658183644	0.08978105740699678
31006	4.288133121621791e-08	0.0006278781444214411	0.9993720789742562
31007	0.07029262284936051	0.9075158821274851	0.022191495023154314
31008	0.0002450783655104615	0.9269247063663638	0.07283021526812912
31009	0.10078508980340443	0.7202624845158294	0.17895242568076453
31010	0.006008720305055488	0.9937395894127514	0.00025169028219287003
31011	1.2249195724192071e-05	0.14694089541331343	0.8530468553909564
31012	0.13303286373686438	0.6746109906411811	0.19235614562195433
31013	0.3014368440718423	0.6862167067230295	0.012346449205126791
31014	0.026501751451664366	0.936936541085257	0.03656170746308137
31015	0.18018048891023095	0.644887435623186	0.17493207546658315
31016	0.24639973236644702	0.6627946536283364	0.09080561400521645
31017	0.1016430545349404	0.8752109759555557	0.02314596950950306
31018	0.09945998908836255	0.6998563706340684	0.2006836402775676
31019	0.10973971603363204	0.3530518612405558	0.537208422725815
31020	0.0019977546204797934	0.8962562495100954	0.10174599586942273
31021	0.15475329315430322	0.841984336605453	0.003262370240240187
31022	0.4036434177599971	0.5229378490305044	0.07341873320949562
31023	0.9397017454805767	0.05707499285846554	0.0032232616609558476
31024	0.20300716594043508	0.7469284264979082	0.050064407561655686
31025	0.06399017090780709	0.9339391240822943	0.002070705009903539
31026	0.006530692438637776	0.9934058769397897	6.343062158062248e-05
31027	0.05760635349550098	0.938896943899849	0.0034967026046519543
31028	0.0011728341788668705	0.9987639931948006	6.317262633391809e-05
31029	0.014847341820189902	0.9356138542383982	0.04953880394141363
31030	0.05730305828141215	0.6362654323254758	0.30643150939311264
31031	0.03360912575515999	0.9052037027211326	0.06118717152370399
31032	0.006959519903075663	0.9928040872290703	0.00023639286785093837
31033	0.002337260486753615	0.9962201855500998	0.001442553963141761
31034	0.01368151638006072	0.9856917354976176	0.0006267481223189834
31035	0.033278468233474745	0.9641804278778224	0.002541103888708772
31036	0.0028763688675401164	0.12516643877458228	0.8719571923578768
31037	0.03240921015098853	0.23838033382656174	0.7292104560224479
31038	0.03497554259659605	0.49070561003656493	0.47431884736683827
31039	0.00010815587097087665	0.9967188191904639	0.003173024938561773
31040	0.00011759762451313652	0.9935859442036903	0.006296458171800512
31041	0.050286011715826875	0.9491046531828599	0.0006093351013138741
31042	0.03474430981870996	0.2539820881590189	0.711273602022265
31043	0.005874461790347162	0.8746530238438319	0.1194725143658198
31044	0.08935658076866046	0.8566898339382737	0.053953585293064245
31045	0.006108576171838456	0.9933569814031775	0.0005344424249885226
31046	0.15917509088942647	0.45100009677921216	0.3898248123313662
31047	0.03239289405885698	0.7519908251168338	0.21561628082430842
31048	0.2876277636293917	0.7091220629090518	0.003250173461555594
31049	0.00028638057385504213	0.9703135698018555	0.029400049624287102
31050	0.004459283990366277	0.9728884195726842	0.0226522964369609
31051	0.04661989198755742	0.9357724641572641	0.017607643855180526
31052	0.04922794975330935	0.9456982118298284	0.005073838416865032
31053	0.033805620115372054	0.7500701247626995	0.2161242551219291
31054	1.5376599905699698e-05	0.01671459243240479	0.9832700309676922
31055	0.0006676414975817444	0.6056957714217805	0.3936365870806389
31056	7.512089340430248e-05	0.40319329664236087	0.5967315824642317
31057	0.042459972926039924	0.9550499170629168	0.00249011001104999
31058	0.3928285441510563	0.3996974821524205	0.20747397369652468
31059	0.9905137747528163	0.002582032882453443	0.0069041923647292945
31060	0.3169660217323709	0.5795619083413828	0.10347206992624303
31061	0.6510265488748018	0.32193223687300315	0.027041214252193434
31062	0.0007089601909500039	0.9708956069785476	0.028395432830498907
31063	0.011065481375698254	0.9757764907583604	0.013158027865935526
31064	0.00047815224395189246	0.9357561789814062	0.06376566877463567
31065	0.044930196956609436	0.9452257907810584	0.009844012262327792
31066	0.23730697613676452	0.7626019033804277	9.112048281401695e-05
31067	0.005701489431349876	0.9137148059479595	0.0805837046206963
31068	0.011755649163827975	0.9849378504152028	0.0033065004209694984
31069	0.0005944615522023357	0.721854543442872	0.27755099500492586
31070	0.5183218402164014	0.44652405023345504	0.035154109550146945
31071	0.0008763015593119171	0.9984855260061453	0.0006381724345400414
31072	0.10733595401416902	0.8902367079835867	0.002427338002246434
31073	0.05065657758737682	0.6265622970353267	0.32278112537729686
31074	0.005127838709884115	0.8654950790923902	0.1293770821977315
31075	0.011808906853729637	0.9879622594824986	0.00022883366377405437
31076	0.029682334615279787	0.9350681005389356	0.03524956484578144
31077	0.000141425503617055	0.7708637730223769	0.22899480147400839
31078	8.519853197245104e-06	0.721194924198944	0.2787965559478578
31079	0.017528093686066726	0.9824034897504204	6.8416563506327e-05
31080	5.014798356772721e-08	0.9989027328514712	0.0010972170005430883
31081	9.681467513147947e-05	0.9995056108576771	0.0003975744671850187
31082	1.724806032588583e-07	0.9999173732364334	8.245428296218158e-05
31083	0.0007033995046492169	0.8663202642088869	0.13297633628646655
31084	0.07697361251593915	0.9201787423467203	0.002847645137344252
31085	6.437040267828486e-05	0.9989229328930134	0.0010126967043076031
31086	0.0011393660647941687	0.9961997844907347	0.002660849444468347
31087	0.012211625242115444	0.9364689258416069	0.05131944891628092
31088	0.22893361625435182	0.7537938926323619	0.01727249111328714
31089	0.0002571601049696515	0.9994903203131742	0.00025251958185694185
31090	0.012530183465647975	0.191639697575105	0.7958301189592489
31091	0.002269361016626647	0.2695083895210482	0.7282222494623262
31092	9.101150020059248e-06	0.9954241492493057	0.004566749600668083
31093	0.030496212779033516	0.641242293515642	0.3282614937053258
31094	0.07139502139787308	0.922619995437969	0.005984983164153149
31095	0.02642072623613633	0.25122053169983144	0.7223587420640339
31096	0.058663859070533696	0.9412159968059661	0.00012014412349228731
31097	8.118637659344946e-05	0.9997929364287554	0.00012587719464639952
31098	0.03418069011342671	0.9595080129854391	0.0063112969011410785
31099	2.0508334248657965e-05	0.01709170900039801	0.9828877826653534
31100	0.012197606442349015	0.5396474815236069	0.4481549120340475
31101	7.338185136799353e-05	0.3566246434188929	0.6433019747297324
31102	0.006485663753376853	0.9910845637574105	0.0024297724892183388
31103	0.009494982775420834	0.9810002448853415	0.009504772339233641
31104	0.0008205273521992103	0.6911349899913019	0.30804448265649886
31105	0.24888661522144082	0.7342504370474262	0.016862947731133008
31106	0.0012198586763618327	0.9971746275799165	0.0016055137437184493
31107	7.541789396039695e-05	0.9833665575390419	0.016558024566993082
31108	0.0003602653246422264	0.8822255851289541	0.11741414954639934
31109	0.000304415682597349	0.019785392634456854	0.9799101916829454
31110	0.005189954213632316	0.9690297715756874	0.025780274210684663
31111	0.023733851683757787	0.923596101657316	0.052670046658931505
31112	0.01394375296360103	0.9804009546094754	0.005655292426920314
31113	0.5176307302693216	0.48057593061753345	0.0017933391131498807
31114	0.0016650053156470799	0.6015391542385489	0.3967958404458048
31115	4.451838040784121e-06	0.27669481804451157	0.7233007301174482
31116	1.6836913927903635e-06	0.23216501088028013	0.7678333054283287
31117	6.579228606675611e-05	0.9997819612409545	0.0001522464729774138
31118	0.011141282288877013	0.9884468399238673	0.00041187778725299934
31119	0.5484920534409452	0.4392350008856716	0.012272945673383629
31120	0.07008373844101182	0.5998295504546864	0.33008671110429977
31121	0.11266505727596866	0.36219794805938194	0.5251369946646521
31122	0.0020229294505157156	0.2032411933985583	0.7947358771509223
31123	2.0711367142565127e-07	0.24352892493291664	0.756470867953411
31124	0.0930245447190664	0.8374805427491293	0.06949491253180382
31125	3.6494653049083315e-07	0.007626978568651552	0.9923726564848226
31126	0.5507672940096794	0.4480220270931404	0.0012106788971810497
31127	0.0020786227525731752	0.8929160562166386	0.1050053210307848
31128	0.0001338455398792017	0.9034283086303092	0.09643784582980712
31129	0.00040515633482056005	0.7395900636106297	0.26000478005454436
31130	0.015605321658499786	0.9472028943213473	0.03719178402015094
31131	2.5711098100136055e-05	0.9994962461856022	0.0004780427163017848
31132	0.0003556772952598306	0.7293157420198726	0.270328580684867
31133	0.0031175881635135704	0.7858400361834282	0.21104237565306125
31134	0.00033789841998608047	0.16284440443228287	0.836817697147725
31135	5.2823282335046205e-08	0.31644901821463106	0.6835509289620838
31136	5.068271997316603e-07	0.5132121659527888	0.48678732722000895
31137	0.22272320520346173	0.7064812927279732	0.07079550206857035
31138	0.05690602075337157	0.8009326896531126	0.14216128959351154
31139	0.00024541575892793733	0.9528090481697111	0.04694553607135861
31140	0.0009299541199264813	0.9764355701133627	0.02263447576670951
31141	3.6174438464274542e-06	0.01719296658770927	0.9828034159684553
31142	0.001980423303495021	0.8657244711594593	0.13229510553705193
31143	0.005751354242480039	0.9921587747101959	0.002089871047320151
31144	0.9054507456950165	0.08834289696781926	0.0062063573371711495
31145	0.11137503695446264	0.8589358075576548	0.02968915548787968
31146	0.005077886956254129	0.9724251837184258	0.022496929325317737
31147	0.035447568267631985	0.9179272529539279	0.04662517877843799
31148	0.2066628929432749	0.4585764545396849	0.3347606525170379
31149	0.0038535568969622048	0.3020440398286487	0.6941024032743868
31150	0.03701618020238148	0.5231033235351471	0.43988049626247044
31151	0.00010067631622193527	0.6393840567902142	0.36051526689356583
31152	0.004327136163568635	0.8258505461621722	0.1698223176742706
31153	0.012344046107058934	0.8849211612698626	0.10273479262306537
31154	0.016555806188118645	0.9766938569201116	0.006750336891769986
31155	0.00040226516472681635	0.12033244598311804	0.8792652888521562
31156	0.0027776606571424224	0.22471297521508168	0.7725093641277745
31157	0.2021466381635374	0.7735171396850677	0.024336222151392948
31158	0.3257903073408215	0.6693704187310329	0.0048392739281403535
31159	0.00412187615090642	0.9726847652340811	0.023193358615015914
31160	0.09890513489791275	0.5894269716563426	0.31166789344574575
31161	0.5542404624848646	0.26767228211970207	0.17808725539543405
31162	0.038783339413476704	0.9604989511876828	0.0007177093988348155
31163	0.006767364171070395	0.9915453481904052	0.0016872876385202015
31164	0.06099187858781607	0.798075783984538	0.14093233742764494
31165	0.020285002140788724	0.9769777053813421	0.002737292477870394
31166	0.040342292340717234	0.9565262255139101	0.0031314821453730483
31167	0.5917124792753873	0.2974378723767696	0.11084964834784299
31168	4.4875800248136196e-05	0.8338559698156056	0.1660991543841486
31169	0.07025491309178336	0.6381201920046626	0.29162489490355864
31170	9.981160578755037e-06	0.003962659997221697	0.9960273588421993
31171	8.993572820190207e-09	0.9996174797465748	0.00038251125984345224
31172	8.993572820190207e-09	0.9996174797465748	0.00038251125984345224
31173	8.993572820190207e-09	0.9996174797465748	0.00038251125984345224
31174	0.2579503305113381	0.741188011852417	0.0008616576362394775
31175	0.9387702498089304	0.051227021364425036	0.010002728826645787
31176	0.062111414504502305	0.9210442074205152	0.016844378074981573
31177	0.003252545015753494	0.36903612555613885	0.6277113294281099
31178	0.028983621558588645	0.5558490616262378	0.41516731681517643
31179	0.0023265077167022074	0.23734327723707435	0.7603302150462252
31180	0.007070940737017317	0.9883303688280354	0.004598690434947414
31181	0.13250751747656636	0.8584328793785054	0.009059603144925594
31182	0.0965528476908777	0.8836536315144213	0.019793520794701744
31183	0.40051422554451416	0.5507329531605326	0.04875282129495449
31184	0.002462328680717599	0.9973195917054102	0.00021807961386618836
31185	0.0019295190347622293	0.9737693557802134	0.02430112518502282
31186	0.008735372254411181	0.8279509407374652	0.16331368700812038
31187	0.08390269048910565	0.8628083963096517	0.0532889132012423
31188	0.00012283428296543277	0.8873099238808215	0.11256724183620938
31189	0.03874330271914831	0.8560460736445503	0.1052106236363034
31190	0.1154337096801869	0.8829125486170748	0.0016537417027368932
31191	0.009165156181516325	0.2726312515082105	0.7182035923102759
31192	0.0045241220815016615	0.36395586793001333	0.6315200099884889
31193	0.10310704129584991	0.2512046180392905	0.6456883406648614
31194	0.0002825202928792532	0.03718327788647205	0.9625342018206536
31195	0.009325825412810842	0.9274716804417088	0.06320249414547759
31196	0.0006573264964987394	0.5746201658145426	0.4247225076889634
31197	0.036892447285375	0.7317612515680886	0.23134630114653507
31198	0.054860135487435915	0.9345410231734664	0.010598841339093938
31199	0.16798017639589216	0.8222540558636974	0.009765767740416976
31200	0.2105229112174043	0.6951038506987004	0.09437323808389614
31201	0.00037165051280625824	0.9009495768111678	0.09867877267601917
31202	0.013110661779858666	0.8480464029728201	0.13884293524731475
31203	0.021870169757053148	0.9232835474222365	0.05484628282071337
31204	0.37635588242074824	0.38211896932928685	0.2415251482499714
31205	0.06388525988852523	0.3837442621101121	0.5523704780013615
31206	6.368649367770063e-05	0.9999053251938315	3.0988312494405016e-05
31207	0.4166787781802262	0.5563713889865274	0.026949832833245934
31208	0.32026779773924086	0.674183995055476	0.005548207205288617
31209	0.00395197558986312	0.9959993581544918	4.866625563967067e-05
31210	0.059223596083152835	0.9390497239577278	0.0017266799591151216
31211	0.18361264158132756	0.8160811114382812	0.0003062469804038786
31212	2.547885869349567e-05	0.005214984788246095	0.994759536353054
31213	9.194858687387505e-05	0.024583582196481362	0.97532446921664
31214	0.038881947521637844	0.7379881604967553	0.22312989198160307
31215	0.056819928478232355	0.9072971381671658	0.03588293335460318
31216	0.7751190571236062	0.21396196072648405	0.01091898214991125
31217	0.16841882769278413	0.806563730291465	0.025017442015750853
31218	0.0005627939438350295	0.15893911899590474	0.8404980870602577
31219	0.009926634590354592	0.9564138831079432	0.03365948230169605
31220	0.013883043762848182	0.9771662994596084	0.00895065677753912
31221	0.01760627610754958	0.9277354994721385	0.05465822442031523
31222	0.6153852818128545	0.3141123106632882	0.07050240752385727
31223	0.008352393319479444	0.9854782091425943	0.006169397537925282
31224	0.0030239395018045226	0.9956613510182725	0.001314709479920718
31225	0.059223596083152835	0.9390497239577278	0.0017266799591151216
31226	0.00010508663696441602	0.047710466319658945	0.9521844470433798
31227	0.00016614258948532487	0.9992810320392109	0.0005528253712917018
31228	0.0009263646773418349	0.8768113287570517	0.12226230656560393
31229	0.0005819571809279334	0.9994128573106094	5.185508472352812e-06
31230	0.004501155823856608	0.9954909058862871	7.938289854667763e-06
31231	2.462042983703934e-05	0.7966545371715397	0.2033208423986193
31232	7.460107335795572e-06	0.9976429909433767	0.002349548949280743
31233	4.209389429876066e-07	0.9991064901929996	0.0008930888680548446
31234	0.08569831436586006	0.901809161170352	0.012492524463787777
31235	0.0009403701683669301	0.014604330362794432	0.9844552994688371
31236	0.01337193561201906	0.640074520331229	0.346553544056747
31237	0.05377039918440724	0.8781207850694144	0.06810881574617705
31238	0.07014996498410979	0.394493472379947	0.5353565626359457
31239	0.0014835891714381135	0.9942019374509574	0.004314473377607135
31240	4.476172018548707e-05	0.4293438195669967	0.5706114187128172
31241	0.0008003798239045608	0.49433792748141364	0.5048616926946805
31242	0.17885974126737875	0.7578491649445941	0.06329109378802587
31243	0.9089187687739048	0.0909675402756177	0.00011369095046695189
31244	0.1337285003540644	0.8267930660034277	0.039478433642508685
31245	0.49897700807966483	0.4922556668453762	0.008767325074956362
31246	0.0008363034693254395	0.9691940118553879	0.029969684675281147
31247	0.014763163221149754	0.9841217635426931	0.001115073236158113
31248	0.7434910691834113	0.25450213276927514	0.0020067980473202607
31249	0.004290629740429619	0.9912049781378703	0.004504392121698877
31250	0.012954545150908265	0.8498530182707528	0.13719243657833705
31251	0.015522815789394778	0.9839585898021395	0.0005185944084712874
31252	0.000370839509277472	0.9978368131838697	0.0017923473068618455
31253	0.0005126732060439153	0.5154229544606319	0.484064372333328
31254	0.00736287193674697	0.9023931738741144	0.09024395418914198
31255	0.003014263108631675	0.9968741173103846	0.00011161958098529579
31256	0.01171399042611397	0.9009124059827339	0.08737360359115251
31257	0.26188566478922276	0.725805835906732	0.012308499304042859
31258	6.643340723323149e-06	0.9507086515022645	0.04928470515701793
31259	0.007325697598583576	0.5751597802792403	0.41751452212216933
31260	0.03391551589879855	0.7201394331420008	0.24594505095920272
31261	0.08874872801544467	0.8891147569940543	0.022136514990498308
31262	0.20884895166340461	0.7364358427896639	0.05471520554693423
31263	0.0034446371819805872	0.9548055161703959	0.04174984664762811
31264	0.00886675609282904	0.9900515822603414	0.001081661646829683
31265	0.5239567909311892	0.1775898132358125	0.29845339583300534
31266	0.7970430928327686	0.11203880186259585	0.09091810530463439
31267	0.9718953006334765	0.0280789097197446	2.5789646778744287e-05
31268	0.44634509978496834	0.2683954107803058	0.2852594894347272
31269	0.0004118511924997968	0.9995719903131931	1.615849430421531e-05
31270	0.3793441816053436	0.6159512868298042	0.004704531564855502
31271	0.0295954409993218	0.25849998724033574	0.7119045717603429
31272	0.02498787961741902	0.9738740600119895	0.0011380603705944904
31273	0.5700195160678522	0.42934760057241056	0.0006328833597425919
31274	0.17023375691661163	0.43551396101802975	0.39425228206536206
31275	0.006045799770631043	0.6242274880615434	0.3697267121678265
31276	5.531200034569086e-09	0.5576270046984775	0.44237298977032186
31277	4.352243320605829e-08	0.7416453197822862	0.2583546366952785
31278	0.2567930145130344	0.6291395678653718	0.11406741762158754
31279	0.012706187114715673	0.9866073498252727	0.000686463060015159
31280	0.009912435158458943	0.9775003659920845	0.012587198849458362
31281	0.013962704923349013	0.7337723406233572	0.25226495445329294
31282	0.3087277691839051	0.673709120555618	0.017563110260475513
31283	0.5586524640470236	0.4383085991074333	0.003038936845540405
31284	0.06638916131736626	0.8436960832033433	0.08991475547928847
31285	0.009789635941517756	0.9888841498404384	0.0013262142180491359
31286	0.2560801785126593	0.6963159502150057	0.04760387127233106
31287	0.012477115328870168	0.41836799143773273	0.5691548932334001
31288	0.09946921573270444	0.5637565681517764	0.33677421611552044
31289	0.01168247450114868	0.953587416838399	0.03473010866045044
31290	0.019556482895025623	0.9758419099199319	0.004601607185036603
31291	0.04264082108740457	0.4964396620494755	0.46091951686311955
31292	0.0009662342094154162	0.9575858585579929	0.041447907232588725
31293	0.12885142407154573	0.8401496767546738	0.030998899173780615
31294	0.8269828326552459	0.16841501759238633	0.004602149752364517
31295	0.07299976442015157	0.2360837387928239	0.6909164967870253
31296	0.05639394678114759	0.8334086528971711	0.11019740032168063
31297	0.20755068053679282	0.7924486909381367	6.285250719429447e-07
31298	0.0027841527913741414	0.067217508981084	0.9299983382275472
31299	0.007232329181902661	0.45601530444987204	0.5367523663682302
31300	0.04138350346748604	0.9558034681686086	0.002813028363902105
31301	0.39684901963005326	0.5720898034160166	0.031061176953927277
31302	0.021963909787129775	0.9779090783162581	0.00012701189661457665
31303	0.608090147459732	0.34373506440267326	0.04817478813759344
31304	0.054228676675003876	0.2002010370645763	0.7455702862604204
31305	0.3321456563530367	0.4503996093000581	0.2174547343469035
31306	0.3497905842932906	0.5210069537109868	0.12920246199572402
31307	0.11215987824719263	0.8776786210068988	0.010161500745911097
31308	0.1211448163968526	0.4747700725224841	0.4040851110806643
31309	0.0031107771776724565	0.8254739665234615	0.17141525629886603
31310	0.020022791608075467	0.8980856659425505	0.08189154244937188
31311	0.35176258679453276	0.6287574121419724	0.019480001063501777
31312	0.003117995299548651	0.981691169856694	0.015190834843755779
31313	0.0013183264085500357	0.9964160376601191	0.00226563593132487
31314	0.25960297738135496	0.6967880517886906	0.04360897082995603
31315	0.022467616116009215	0.9772982626299309	0.00023412125406395144
31316	0.003576707418578493	0.9908479793763135	0.005575313205114679
31317	0.012199689460259455	0.9875886879930067	0.0002116225467296516
31318	9.563623799810289e-05	0.9959788489630454	0.003925514798953877
31319	6.151446386098767e-06	0.994891045796475	0.005102802757145885
31320	0.0015129729482414437	0.9980980664279174	0.0003889606238429554
31321	0.7382335914780752	0.20180654000138978	0.05995986852053967
31322	3.052795122462146e-06	0.8947075418980031	0.10528940530687454
31323	0.22380314402881668	0.7756207687899317	0.0005760871812490952
31324	0.20550814649942195	0.7619933249463989	0.03249852855417326
31325	0.05715395730808778	0.8540377136802899	0.08880832901162357
31326	0.16134752988180795	0.8364587870009038	0.0021936831172862845
31327	0.0016757776587251773	0.991975551526117	0.00634867081515471
31328	0.078519723974077	0.8985251383832777	0.022955137642651637
31329	0.2398806515630538	0.5090216480765666	0.2510977003603817
31330	0.37597879115585714	0.41954501227163465	0.20447619657250857
31331	0.02544740041380193	0.5149823314597793	0.4595702681264185
31332	0.021455404225043558	0.9785395984212132	4.9973537397057265e-06
31333	0.003023114366632321	0.9968015733420135	0.00017531229135154435
31334	0.01990147770994844	0.9797885809621231	0.00030994132792920326
31335	0.012768799921807473	0.7889820204541927	0.19824917962400543
31336	0.08178368048294887	0.8519072126630458	0.06630910685400583
31337	0.016214631833277527	0.7861644996801803	0.1976208684865415
31338	0.0034889543503810096	0.9703033769252721	0.026207668724344095
31339	0.05227176902520937	0.9360710336406749	0.011657197334115198
31340	0.4311588953345083	0.3917879920142875	0.17705311265120444
31341	0.02783271106616125	0.9697702455295065	0.0023970434043402273
31342	7.004257177594363e-07	0.9999751481325457	2.4151441732452445e-05
31343	0.002959089891444107	0.9970350362720686	5.873836494198435e-06
31344	0.09602120500978133	0.5979373155618967	0.30604147942831605
31345	8.11446305601798e-05	0.858305406740995	0.14161344862844163
31346	0.0013013110179742726	0.8863240226702288	0.11237466631179867
31347	0.1953866359307637	0.7915593027358327	0.013054061333401803
31348	0.5993922510867189	0.38301770630162435	0.017590042611653294
31349	0.00011218023663284487	0.9924571019213607	0.007430717842011366
31350	0.005959666834697516	0.8915665798333056	0.10247375333199178
31351	0.02783911683529928	0.9298375815359995	0.04232330162870023
31352	0.00031148804396827396	0.9938312000123098	0.005857311943719202
31353	0.29125238283933474	0.6870556000539704	0.021692017106697416
31354	0.4543483024905626	0.44542049419269364	0.10023120331674391
31355	0.33027084991045513	0.5742194753888307	0.09550967470071473
31356	0.1601061222882719	0.805131915048879	0.03476196266284931
31357	0.1204356975333556	0.8655254646820837	0.01403883778455818
31358	0.6716237604495953	0.3017732335545293	0.026603005995878056
31359	0.0010132846403065623	0.99716527567576	0.001821439683938364
31360	0.00022000533027858815	0.8740815756682495	0.1256984190014732
31361	0.00415921149870617	0.04409476660100631	0.9517460219002905
31362	0.05056598394339486	0.09061355429188651	0.8588204617647132
31363	0.40958543828768923	0.5882016038682565	0.0022129578440505003
31364	0.025742507848462545	0.8720360668053896	0.10222142534614313
31365	0.009024061343715074	0.9878144477756975	0.0031614908805810632
31366	0.5494263317258912	0.4091291487515983	0.0414445195225157
31367	0.07552995887062197	0.8947730544353113	0.02969698669406916
31368	0.1212377008343398	0.4200870819866713	0.4586752171789898
31369	1.1436434218874305e-05	0.8150361556371434	0.18495240792863157
31370	2.639536778081114e-05	0.8478935835247654	0.15208002110745678
31371	0.0021322729901205517	0.933965086993072	0.06390264001680687
31372	0.10108197754460725	0.8680738732654548	0.030844149189936484
31373	0.0017089179323882232	0.9923766503995926	0.005914431668018384
31374	0.00475096308145684	0.9167047890956133	0.07854424782292674
31375	0.06825233717518715	0.8479977984199656	0.08374986440485362
31376	0.03385160358600307	0.8668112739459274	0.09933712246807266
31377	0.003103838825729534	0.7911280249559929	0.20576813621827694
31378	0.0026685743799817674	0.1371487723215733	0.8601826532984399
31379	0.05789812730658522	0.3803350123121424	0.5617668603812717
31380	7.486514434373525e-06	0.015332255047136565	0.9846602584384333
31381	0.020550075265207735	0.8772803330906855	0.10216959164410562
31382	0.32847611152478745	0.6689446544551192	0.0025792340200975006
31383	0.076487021481214	0.7194116889004609	0.20410128961832186
31384	0.003451422699107144	0.9957535111157899	0.0007950661851055674
31385	0.20813146636437596	0.7838021980098084	0.008066335625813733
31386	2.7995806753112542e-05	0.978322176404873	0.02164982778837499
31387	0.00043678605044527013	0.9828495057536812	0.016713708195879633
31388	0.0013632383219933796	0.9960645272394868	0.0025722344385208772
31389	0.23121172095731593	0.7322461223281915	0.0365421567144925
31390	0.017934881081883063	0.9792195952662547	0.0028455236518692426
31391	0.0015474321339167374	0.23040358248652115	0.7680489853795653
31392	0.010628523831498083	0.9799249801955345	0.009446495972965619
31393	0.491161890824732	0.5088054732383162	3.263593694015051e-05
31394	0.0066830941631602445	0.9871809939722906	0.006135911864552721
31395	0.10221290063602219	0.8971339879985263	0.0006531113654519023
31396	0.0005825663089443916	0.9304537838389083	0.06896364985214523
31397	0.5062843804173216	0.33123533261803306	0.16248028696464367
31398	3.636827351730655e-05	0.08280297342234086	0.9171606583041396
31399	0.0011156712717252284	0.16356442475726946	0.8353199039710065
31400	0.004099445925775722	0.9567119226443921	0.039188631429826565
31401	0.1224310318645012	0.8721850226026945	0.005383945532802992
31402	0.0013532675340053822	0.996459886726207	0.0021868457397941606
31403	0.004063559765335684	0.9953192409951871	0.0006171992394873223
31404	0.021310705519874136	0.9777579688731244	0.0009313256070014506
31405	0.22966250524719733	0.757463981375229	0.012873513377573701
31406	0.014226017099701628	0.9432279743235422	0.0425460085767588
31407	0.01970300191365754	0.9266330510394515	0.05366394704688826
31408	0.30297581908339144	0.6807482900302668	0.016275890886343937
31409	0.2550170236115519	0.7430274245287454	0.001955551859698323
31410	0.151365282606175	0.843365216801466	0.005269500592358024
31411	0.476622381696692	0.4987466511344717	0.024630967168832448
31412	0.8171591973857184	0.18113973450922535	0.0017010681050632615
31413	0.35954599508710267	0.6387734498602442	0.0016805550526501909
31414	0.006339556678979796	0.9802266479828861	0.013433795338138748
31415	5.089407692275546e-05	0.6856933814266089	0.3142557244964644
31416	0.0008517318666299927	0.73891581936907	0.2602324487643032
31417	0.00010292467720694554	0.9944468525443174	0.005450222778477713
31418	0.10168553500507371	0.5009143095717095	0.3974001554232176
31419	0.022201055457152938	0.9614883161434973	0.016310628399347646
31420	0.00816309792725416	0.9427470208451527	0.04908988122759183
31421	0.07617549387223109	0.9223257658898881	0.001498740237885595
31422	0.10362352625840442	0.7250265915384916	0.17134988220309771
31423	0.039975436087357624	0.953636002682015	0.006388561230628613
31424	0.05734401240780331	0.9236425942717995	0.019013393320397556
31425	0.13553402202020204	0.8199933828008006	0.044472595178995725
31426	0.06478601523535003	0.9351769157411408	3.7069023504103205e-05
31427	0.013673097936875586	0.9860567871219883	0.0002701149411355223
31428	0.19803447902744226	0.5899845913256494	0.21198092964691118
31429	0.00950601156271942	0.9723516528815122	0.018142335555770727
31430	0.05262491099041212	0.937812016152824	0.009563072856759088
31431	0.0001317757748262074	0.37696022450724015	0.6229079997179344
31432	1.3098544983602838e-05	0.30480847821081875	0.695178423244198
31433	2.516491678019949e-06	0.7288867670236464	0.27111071648467
31434	0.03347352522203265	0.9664800617214798	4.641305648809894e-05
31435	0.027020904645977596	0.24715834309676057	0.7258207522572611
31436	0.00015579566126914024	0.9998252824233506	1.8921915376153075e-05
31437	0.00578114178017369	0.9941123449801785	0.00010651323964918914
31438	0.019066918011929807	0.5702994057470622	0.4106336762410018
31439	5.59353983986156e-05	0.9702224769296045	0.029721587671992174
31440	0.003550080800696049	0.5853463262443229	0.4111035929549746
31441	0.0032087570212795203	0.9940965604032024	0.0026946825755187215
31442	0.27566046738988437	0.7239330808677332	0.0004064517423844233
31443	0.004119178946777518	0.9491648311848676	0.04671598986835146
31444	0.0007478624860289645	0.8658056795047506	0.13344645800922056
31445	0.0003064243445133024	0.9444431057882994	0.05525046986718068
31446	0.00011567347942400961	0.9998829843450403	1.3421755313796744e-06
31447	0.00011567347942400961	0.9998829843450403	1.3421755313796744e-06
31448	2.1726574683129983e-05	0.999978103599808	1.698255107450681e-07
31449	0.5518074451106878	0.3637254194547497	0.08446713543456136
31450	0.00016913943137956597	0.9995847758306896	0.000246084737932819
31451	0.057308694236143404	0.9344274357694274	0.008263869994426765
31452	0.28119880197141195	0.7041064789133723	0.01469471911521184
31453	0.0021669076412712414	0.975373211241225	0.02245988111750586
31454	0.029675879970184605	0.6535925003814503	0.3167316196483694
31455	0.0016022055544230957	0.9878325857756686	0.010565208669904916
31456	0.024374399890573068	0.9676725013657219	0.007953098743701363
31457	0.0028837315606297727	0.7121404006702396	0.28497586776912864
31458	0.08249831469884128	0.8771299578314649	0.040371727469688354
31459	0.0276951367763461	0.7725045209858401	0.1998003422378132
31460	0.0062125223428367215	0.9927172201307051	0.0010702575264553847
31461	7.486514434373525e-06	0.015332255047136565	0.9846602584384333
31462	0.0021468039237049876	0.991784688418671	0.0060685076576237895
31463	0.0004907680961414231	0.9875957782308223	0.011913453673032265
31464	0.17686936559320504	0.773300463020134	0.04983017138666311
31465	0.7752571486791108	0.2182583080993282	0.0064845432215593106
31466	0.10812796768596768	0.7452009053601583	0.1466711269538744
31467	8.438244583141967e-05	0.9597306888548347	0.040184928699330984
31468	0.15501019077989306	0.8445788255835995	0.00041098363650217266
31469	0.0018643554808859299	0.9958275381809077	0.0023081063382079338
31470	0.000351383025750122	0.9993555654283275	0.0002930515459235443
31471	1.949741575445754e-05	0.2837225451157451	0.7162579574685011
31472	7.080660534004228e-06	0.3428896960453874	0.6571032232940753
31473	0.7840389608387539	0.21490454410709456	0.0010564950541494507
31474	0.03726703835015313	0.7980430252981232	0.1646899363517275
31475	2.522645230931445e-06	0.9999563238837051	4.115347105822818e-05
31476	9.242061916239715e-07	0.99994964252524	4.943326857072297e-05
31477	0.2663190353553268	0.566950160614356	0.16673080403032037
31478	2.79876740615282e-06	0.1615557931326569	0.8384414080999415
31479	0.0006405263777326226	0.876998932672821	0.12236054094945119
31480	0.029036305188249813	0.9657509252645183	0.005212769547237433
31481	0.022147107661022465	0.9735969176431063	0.004255974695871934
31482	0.0037519160944729036	0.3539249622445176	0.6423231216610151
31483	0.0018307117886244041	0.07976255311466374	0.918406735096715
31484	0.17402417780727553	0.8140328763757806	0.011942945816952096
31485	0.00044649308906296437	0.3988621631625765	0.6006913437483571
31486	4.469677806087609e-05	0.32480922506740234	0.6751460781545396
31487	0.0008851168697603612	0.971757378183434	0.027357504946799227
31488	7.221832193471964e-07	0.17193504159633974	0.8280642362204288
31489	1.140340450591801e-08	0.9792687365441731	0.020731252052418294
31490	0.00025947761744114404	0.9955458753709904	0.004194647011560915
31491	0.12228699465448727	0.874472444405735	0.003240560939775939
31492	0.017648767461451	0.9799882978704886	0.002362934668058988
31493	0.0826864220904661	0.9024609731225595	0.014852604786975544
31494	0.2809067829172146	0.7159181073893752	0.0031751096934178285
31495	0.02123029980070498	0.9769228360347473	0.0018468641645417432
31496	0.031621474178154474	0.9458106022399441	0.022567923581899258
31497	0.01931101962729821	0.9779148903430245	0.002774090029674698
31498	0.0004706799215656101	0.9142989535795337	0.08523036649890371
31499	0.00760703856846191	0.9514972141277162	0.040895747303825246
31500	0.0026519978403455693	0.9972492346201256	9.87675395257288e-05
31501	0.05401511538427276	0.9442084962287177	0.0017763883870124289
31502	0.20987358994702124	0.7765389882100895	0.013587421842885382
31503	0.329101212399612	0.6692428528860931	0.0016559347142994854
