40860	0.013383398578596724	0.9850536795023996	0.0015629219189980702
40861	0.051631060917560666	0.947620191748745	0.0007487473336953389
40862	9.402449446712074e-05	0.9998934246566362	1.2550848905351284e-05
40863	0.24473360463408278	0.7034655411834906	0.051800854182428274
40864	0.0019635645686771727	0.9788754651292148	0.019160970302102006
40865	0.00014276715809206252	0.999832632246486	2.460059542235743e-05
40866	0.013075543736124429	0.9224914867327726	0.06443296953109609
40867	0.0009318652054318738	0.8292439597044724	0.16982417509010522
40868	0.0433618453191185	0.948538455386604	0.008099699294274912
40869	0.0007860901510370176	0.9986924574643852	0.000521452384582746
40870	0.02867498495051825	0.9360329537771132	0.03529206127236717
40871	0.00043042131468824915	0.9968335500368937	0.002736028648423303
40872	7.281460524727308e-07	0.9974347151955031	0.0025645566584433675
40873	0.09072335931102675	0.8426507732560443	0.06662586743292731
40874	0.26538692642797285	0.7164018842053561	0.01821118936666696
40875	0.6317160261331779	0.3441477076683779	0.024136266198440913
40876	0.0008276935514753044	0.9963751202801061	0.002797186168425383
40877	0.0893122414713635	0.8087501822152109	0.10193757631342452
40878	0.22617235241757153	0.7569092242142229	0.016918423368213312
40879	0.139171913121242	0.8576789841239212	0.0031491027548344276
40880	0.01209617637472445	0.9190520248307983	0.06885179879447759
40881	0.24140293169438257	0.756831410534103	0.0017656577715166434
40882	8.99244085320234e-06	0.9983177264941004	0.0016732810650414078
40883	0.2627141935375658	0.7266242758612437	0.01066153060119341
40884	0.7852636479514828	0.20380863487909018	0.010927717169427465
40885	0.563055359998144	0.3279672398906323	0.10897740011122674
40886	0.07357261201278752	0.9153084806906054	0.011118907296604173
40887	0.09822639037763044	0.8910630501720865	0.010710559450281251
40888	0.042384804039980975	0.9568243503751803	0.0007908455848437166
40889	0.09923908157767398	0.8928034944326042	0.007957423989716697
40890	0.011427361087885947	0.923469799692047	0.06510283922006839
40891	0.0053456309542638265	0.986736552179078	0.007917816866659691
40892	0.01887081897811657	0.9810624512256234	6.672979625810843e-05
40893	0.006751162546341801	0.9918590380271122	0.0013897994265409368
40894	0.026552679331239386	0.9727685309052918	0.0006787897634720914
40895	0.0005718701505768289	0.9890898129740414	0.010338316875372356
40896	0.0023013178111221232	0.9925323493793572	0.005166332809527098
40897	0.5544758444777557	0.44254147652963804	0.00298267899260837
40898	0.2889576286119308	0.3113685431385326	0.39967382824953385
40899	0.9287022790718912	0.06611892290096287	0.00517879802714922
40900	0.006218634911233016	0.9745046869339254	0.019276678154841055
40901	0.024714726348106363	0.9657716424491863	0.009513631202708412
40902	8.414119506632965e-07	0.999996856017131	2.3025709234791228e-06
40903	0.024643837668462225	0.9751888371976082	0.00016732513392255947
40904	0.024134363235915206	0.9551577861054569	0.020707850658625553
40905	0.0177245605466307	0.9769963497997438	0.005279089653624255
40906	0.000147370733220691	0.9987135650384313	0.0011390642283522262
40907	0.0007632412230266593	0.014565061556410673	0.9846716972205656
40908	0.0450568491225701	0.9547828145962168	0.00016033628121264
40909	0.015819838036409246	0.9444174732890357	0.03976268867455973
40910	0.03343986723139535	0.37573564274314497	0.5908244900254563
40911	0.6812274443711994	0.29635138889298757	0.022421166735807557
40912	0.005262732281754914	0.9931039717453565	0.0016332959728927398
40913	0.5158294716057052	0.39999304531006874	0.08417748308422679
40914	0.0005762626766094658	0.9957562083338976	0.003667528989489199
40915	0.026378346063200515	0.9680127099912539	0.0056089439455389994
40916	0.08059377311239885	0.9191010376929536	0.00030518919464732396
40917	0.0668305820312908	0.9220401867300252	0.011129231238684898
40918	0.3549127245104481	0.6225475088401347	0.02253976664941879
40919	0.13919891261743098	0.8573643121856194	0.0034367751969522297
40920	0.0006728706705145419	0.9672673066882769	0.032059822641212245
40921	0.008096304057167093	0.9916690071791591	0.00023468876366788938
40922	0.028488053153148823	0.9286053605273011	0.04290658631954727
40923	7.627614458526212e-05	0.9970633901042663	0.002860333751151304
40924	4.8573690979288846e-05	0.9997116622961494	0.00023976401286904142
40925	0.037441369420671014	0.7277430953618503	0.23481553521748424
40926	0.00018320528861858867	0.9991504527557766	0.0006663419556070392
40927	0.003520672133514683	0.9721948374688071	0.02428449039768079
40928	0.310746514829724	0.6183539904423353	0.07089949472794267
40929	2.7980527795112343e-05	0.9999595068517408	1.2512620462805774e-05
40930	0.0021022679030031056	0.9973702822333205	0.0005274498636826711
40931	0.7233506428774178	0.23419186091042377	0.04245749621216058
40932	0.9772378997492045	0.021804644582542606	0.0009574556682492262
40933	0.00045214406469980885	0.9773218561352004	0.022225999800100163
40934	0.00017341834915578875	0.9994171305763991	0.000409451074452206
40935	0.012507580020325489	0.983686880480646	0.0038055394990306342
40936	0.06398944852540846	0.8936649326029107	0.04234561887167754
40937	0.10338380477606349	0.04846822331311579	0.8481479719108221
40938	0.058541887333722495	0.5522537285446543	0.38920438412162267
40939	0.001345033181293625	0.9970638818965522	0.0015910849221523076
40940	0.04455162613026874	0.10289434687779217	0.8525540269919416
40941	0.2530190672729449	0.1457172533021817	0.6012636794248759
40942	0.07717798881147203	0.9225740316912233	0.0002479794973098339
40943	0.003344607234442839	0.9957619508332133	0.000893441932342
40944	0.0017402751246260507	0.9215196413459626	0.07674008352941673
40945	0.002585419271056804	0.9705879103147443	0.026826670414196167
40946	0.459336524072684	0.5140816728058417	0.02658180312147273
40947	0.1609338992127986	0.7210314738317195	0.11803462695548085
40948	0.6097918809979102	0.3879681191983872	0.0022399998037034513
40949	0.001045144606988138	0.973588250615204	0.025366604777815015
40950	0.3690620870933514	0.6012616503289103	0.029676262577737773
40951	0.002081011696977541	0.993296490197813	0.004622498105210723
40952	0.8611223150175467	0.01788041145405976	0.12099727352839454
40953	0.02661409123976291	0.9681083114099984	0.005277597350242266
40954	0.059987230180876164	0.9366152114588416	0.003397558360281769
40955	0.07747011253924416	0.19033136698412872	0.7321985204766285
40956	0.028522878278297567	0.6752799138245934	0.29619720789711196
40957	0.00020394552680017152	0.9997581479122941	3.7906560902513115e-05
40958	0.057565076744452166	0.8854494605100621	0.05698546274549073
40959	0.20167225409188305	0.7735361483296913	0.02479159757842049
40960	0.008313481577000122	0.9915534115643754	0.00013310685862246788
40961	8.116890549397332e-05	0.7410371418325528	0.25888168926195704
40962	0.0003993790269447293	0.909212320670489	0.09038830030257121
40963	0.5134284104640258	0.41932755421430673	0.06724403532166683
40964	0.2335724929924109	0.6882687900661931	0.07815871694140061
40965	0.002571193603308812	0.9923034201424189	0.005125386254266302
40966	0.028481817925225746	0.9672992285476363	0.004218953527137803
40967	1.8438556854561572e-05	0.999805767850177	0.00017579359297067952
40968	0.9493789150359084	0.04854905497601597	0.00207202998807975
40969	0.008502165858509774	0.9867084086251141	0.004789425516369372
40970	0.07771352881677437	0.5802993288291008	0.34198714235412414
40971	0.0005170939142148487	0.9993394167176587	0.00014348936813294414
40972	0.0012212244544085953	0.9365175965613566	0.06226117898423007
40973	0.0019131770279297595	0.9800978442613636	0.017988978710696997
40974	0.00015452837166949146	0.9990506030899083	0.0007948685384115841
40975	0.06905641862600723	0.9255510478904189	0.005392533483575444
40976	0.4119518928697595	0.2537667847410449	0.3342813223891947
40977	0.40015805390878906	0.1479216076744914	0.4519203384167241
40978	0.0001523918394831831	0.9998406022239444	7.005936568156346e-06
40979	0.02304720549903388	0.9749648371566382	0.001987957344333817
40980	0.063523632973797	0.9153544976687232	0.021121869357481175
40981	0.008185001119806082	0.9893299357743335	0.002485063105865741
40982	9.149967849318769e-07	0.99999752153275	1.563470467712016e-06
40983	0.048733526163588635	0.8789026414899356	0.07236383234647119
40984	0.009543590395328577	0.2776459345721581	0.712810475032518
40985	0.001409264790457405	0.9982081923130018	0.0003825428965446225
40986	0.0001160453088563338	0.998863289596116	0.0010206650950243127
40987	0.048477240632768204	0.9327085524145026	0.01881420695272876
40988	0.011599520190407272	0.36193191888802173	0.6264685609215699
40989	0.0002601953035601702	0.9993685222449606	0.00037128245147745244
40990	0.05673450390768177	0.5775603868361076	0.36570510925620797
40991	0.05017305557108088	0.5917275018525787	0.3580994425763393
40992	0.01487822851437206	0.9555335227162011	0.029588248769425007
40993	0.0044127458790187675	0.9635804655058353	0.03200678861514664
40994	0.001825749556886864	0.20625643688635073	0.7919178135567503
40995	0.049219805639697425	0.9213806467396369	0.02939954762066625
40996	0.5623238694284494	0.25501382224702823	0.1826623083245279
40997	0.07109648791508093	0.9227672275962682	0.006136284488643929
40998	0.6190660115490602	0.3701112259688848	0.010822762482051973
40999	0.007686460831902979	0.932849399705287	0.05946413946280726
41000	0.0013198174537792122	0.998333060037839	0.00034712250838019135
41001	5.602711562676657e-05	0.999908436808161	3.5536076211782145e-05
41002	0.07304965235874748	0.8872075104044115	0.03974283723684193
41003	0.09776730203505576	0.8527248238084315	0.04950787415651176
41004	0.024502517394674413	0.4989932997360807	0.4765041828692441
41005	0.030668722266031106	0.9426449647669424	0.02668631296702607
41006	0.6027301703655293	0.3453678987738182	0.05190193086065767
41007	0.015790834536612033	0.9825563850192105	0.0016527804441760375
41008	5.8426178615705186e-05	0.9929599688879405	0.006981604933455414
41009	0.0003139082630023006	0.7470972760631651	0.252588815673838
41010	0.1626892352935685	0.8140502789417644	0.023260485764668836
41011	0.004449087568910582	0.9948709133056753	0.0006799991254157566
41012	0.19879911158701175	0.7129909813356012	0.08820990707738642
41013	0.03579593859889629	0.8287623369482975	0.1354417244528079
41014	0.0014770790662758657	0.9978562335384862	0.0006666873952344629
41015	0.1907582276709156	0.7760463545332963	0.033195417795782695
41016	0.11977273490439627	0.8651141331105648	0.015113131985037062
41017	0.8130920144316841	0.15152323670409482	0.035384748864226725
41018	0.9529408079272106	0.03723696296553948	0.009822229107250426
41019	0.0024088554429646542	0.734219786148665	0.26337135840836745
41020	0.20883080133010296	0.6116145755013979	0.1795546231684992
41021	0.0014446370160721093	0.8955306215250181	0.10302474145890336
41022	0.5650949995287109	0.43106380192960364	0.0038411985416887244
41023	0.4666674659548692	0.4758571391416464	0.05747539490347868
41024	0.006096606457356362	0.012333421859219608	0.9815699716834241
41025	0.008936592259513277	0.9908562691603034	0.000207138580176967
41026	0.014970447360700842	0.9650690850525261	0.019960467586771915
41027	0.006558950591796931	0.8640953994060417	0.129345650002168
41028	0.001595837367195119	0.21807661091995498	0.7803275517128528
41029	0.012620345129850347	0.4300524859938433	0.5573271688763002
41030	0.8570932627273465	0.13012350452163177	0.012783232751026203
41031	0.04669321426509964	0.2270641229204935	0.7262426628144122
41032	0.007188078382613886	0.9632896125316258	0.02952230908575858
41033	0.02272539030472247	0.7272605063749348	0.2500141033203412
41034	0.05758925350657099	0.7461447078085874	0.19626603868484066
41035	0.18288513884950494	0.7996103972522223	0.017504463898271712
41036	0.11557523517038146	0.5471113993037595	0.3373133655258587
41037	0.00010113842325944012	0.9998304739172175	6.838765952417615e-05
41038	0.6376406361685278	0.19447499401501603	0.16788436981645355
41039	0.061886965298081145	0.8677583885269978	0.07035464617492161
41040	0.054338517332158554	0.6064557088258895	0.33920577384195544
41041	0.08947315929444649	0.2658594622456757	0.6446673784598766
41042	3.0153393041517997e-05	0.9998503081658842	0.00011953844106342936
41043	5.4224191083050795e-06	0.999723184622409	0.0002713929584874107
41044	0.014524369739263404	0.9573549993794286	0.028120630881305602
41045	0.26467566404289466	0.7041361692765961	0.031188166680508965
41046	0.08787571808961232	0.89809911098551	0.014025170924866298
41047	0.011200091468925345	0.9887752232881182	2.4685242957682894e-05
41048	0.544595510137647	0.4293022103694552	0.02610227949289876
41049	0.15948243879564145	0.7765865488642016	0.0639310123401563
41050	0.09412306479616983	0.6904032331236419	0.21547370208018743
41051	0.2519596856927757	0.7459449421016064	0.00209537220561695
41052	0.007842028204775009	0.9910028837104269	0.0011550880847990186
41053	0.16509271676714177	0.8198989756872624	0.015008307545597628
41054	0.01248858798939631	0.9874225749146027	8.883709599985882e-05
41055	0.811316406664692	0.16224452505500817	0.026439068280302205
41056	9.719270801689559e-05	0.999123857960115	0.0007789493318747143
41057	0.08952810657495516	0.9064987550091882	0.003973138415854936
41058	0.07849223907575456	0.7604649140075561	0.1610428469166886
41059	0.007771908857148015	0.4270020060092139	0.5652260851336353
41060	0.020889865105949517	0.9777210670865808	0.0013890678074719748
41061	0.01363062969473217	0.3762767621778861	0.6100926081273821
41062	0.22321289819620987	0.2781382962057832	0.4986488055980058
41063	0.6296690775715901	0.19565170692184156	0.17467921550656673
41064	0.010772069293972309	0.9889292529935392	0.0002986777124937911
41065	0.0019452085620807237	0.29173468401934793	0.7063201074185749
41066	0.0030027370750963954	0.9960672798252944	0.0009299830996144278
41067	0.00019044403936839592	0.9968126496765969	0.002996906284035351
41068	0.0007644378980172523	0.9977417314804928	0.0014938306214963854
41069	0.01953873442915238	0.9803893836010174	7.188196983334566e-05
41070	0.020050559530714142	0.9262831888116617	0.05366625165762214
41071	0.0778075027539292	0.8963312412611872	0.025861255984884937
41072	0.4884216621707454	0.4847632304497772	0.02681510737948035
41073	0.00041140492844936956	0.9976767442036216	0.0019118508679231148
41074	0.02659053813030534	0.9733108175910897	9.864427861171401e-05
41075	0.5857653201442886	0.41357736425397507	0.0006573156017326679
41076	0.42859081066638716	0.379390597712109	0.19201859162150556
41077	0.30664746767766743	0.6813837800116536	0.011968752310683744
41078	0.0007955148785094185	0.988692241160591	0.010512243960902235
41079	0.04658083116330781	0.9328484223108217	0.020570746525876003
41080	0.0010285484011059705	0.9988256296669339	0.00014582193196574356
41081	0.039203240889169176	0.9399585745609568	0.02083818454987821
41082	0.14252013047314768	0.8521042386300071	0.005375630896850099
41083	0.005146284556399532	0.9852757596122045	0.009577955831401877
41084	0.8919394864488842	0.10071104471629524	0.0073494688348200434
41085	0.011757746835974666	0.987888083119452	0.0003541700445755548
41086	0.2083944945324462	0.7822940624632351	0.009311443004322819
41087	0.001017846112353102	0.9151691573170357	0.08381299657060505
41088	0.001158750201228407	0.9193585538700904	0.07948269592867718
41089	0.013379872936521615	0.8973307831338617	0.08928934392961121
41090	0.05308219414566954	0.9421825354212456	0.004735270433087797
41091	0.055032823855127186	0.7739416216649453	0.17102555447992868
41092	0.09931996541325126	0.2049431546725531	0.6957368799141961
41093	0.03821258449115921	0.8295108307332139	0.13227658477562818
41094	0.05844233721325368	0.8198213179919085	0.12173634479483544
41095	0.007290607533233093	0.9838726617214512	0.008836730745313345
41096	0.09087052769046274	0.8743674794867722	0.034761992822759887
41097	0.00020886830121629986	0.9996577598616857	0.00013337183710012334
41098	0.8457097626569082	0.09319738702038613	0.06109285032270287
41099	0.008011302116227024	0.9803431500696832	0.01164554781408642
41100	0.004998590777028437	0.8750365549476943	0.11996485427527424
41101	0.006437650939947297	0.921655577841849	0.07190677121820878
41102	0.0008188596389461601	0.9924016793108822	0.00677946105017744
41103	0.0009482392224786356	0.9919616292537392	0.007090131523783921
41104	0.01795168149313276	0.9806834735540887	0.0013648449527802903
41105	0.03705075355647591	0.8833288121724748	0.0796204342710521
41106	0.022531605792771688	0.9748457859667389	0.002622608240489807
41107	0.17380355420813232	0.7702181870686795	0.05597825872319104
41108	0.005751388881502726	0.05691538349667753	0.9373332276218199
41109	0.0002308014515195887	0.9997425207868332	2.6677761639202542e-05
41110	0.0850194177555541	0.9144284458257221	0.0005521364187275737
41111	2.5522817506207268e-05	0.9999573036244023	1.7173558098478977e-05
41112	0.11956058687728796	0.8773726338180962	0.003066779304611396
41113	0.11762543174632015	0.8359369344676456	0.04643763378603449
41114	0.6488840406656036	0.31715352140597486	0.03396243792842666
41115	0.9822446505506283	0.006941984998423388	0.010813364450952608
41116	0.03091420635787299	0.9410225070346226	0.028063286607500838
41117	0.0006116847536102487	0.012085285609870749	0.987303029636525
41118	0.04860027022128489	0.9378553827162183	0.013544347062501707
41119	0.09798709960616851	0.1747720620406763	0.7272408383531539
41120	0.02665666311010337	0.8894666772912609	0.08387665959864071
41121	0.015662574258609955	0.9324880092985186	0.05184941644287352
41122	0.9882716042249079	0.008125713970630444	0.0036026818044565746
41123	0.009030338433990804	0.9832121412916085	0.0077575202743966655
41124	0.046612005309425344	0.7306065914180743	0.22278140327250118
41125	0.0006285529595219448	0.9437018580642489	0.05566958897623203
41126	0.018343631832678037	0.9691488904372809	0.012507477730042084
41127	0.07013018078994351	0.9239317843682995	0.005938034841757817
41128	0.00044814981037928755	0.9980348723824641	0.0015169778071610724
41129	1.8493198116397183e-05	0.9998933631406531	8.814366122716071e-05
41130	0.0012770333568264403	0.8490051937717995	0.14971777287137528
41131	0.005751738603123886	0.99412896755602	0.00011929384085721331
41132	0.0004924006539101281	0.9536501115869163	0.045857487759178056
41133	0.00031970709136147207	0.9996197480986163	6.0544810024213884e-05
41134	0.36086745888678873	0.6337474478322017	0.0053850932810102494
41135	0.04525355176823732	0.8698145356960003	0.08493191253576096
41136	0.15589813906979755	0.7980066682633563	0.046095192666848965
41137	0.34994846769150917	0.6183173088335062	0.031734223474986695
41138	0.12932547325600544	0.7226251076597544	0.1480494190842406
41139	0.08391934284211397	0.5636181604453224	0.3524624967125651
41140	0.7404239631530675	0.11045529600685453	0.14912074084007587
41141	0.08436907971638762	0.3539063503667168	0.5617245699168957
41142	0.15248439029384123	0.8438755880541381	0.0036400216520235994
41143	0.0021384001708266613	0.9978169332070933	4.4666622081859924e-05
41144	0.04140786328903821	0.9585696725112626	2.246419970440956e-05
41145	0.0660720949286011	0.28779968181021337	0.6461282232611857
41146	0.20141888299529917	0.6016107846100047	0.19697033239469744
41147	0.035226611194493496	0.862893562901121	0.10187982590438552
41148	0.030705060020087327	0.6802111305696592	0.28908380941026024
41149	0.0001790162638140095	0.999702806217718	0.00011817751846942301
41150	0.8479623671572944	0.14650490231867544	0.005532730524027471
41151	0.000721449114997598	0.997014191721307	0.002264359163691674
41152	0.0029922974206547546	0.8322911662809637	0.16471653629837696
41153	0.08228594079869352	0.7510166411376105	0.1666974180636993
41154	0.053060956754350234	0.9425547930188161	0.004384250226839136
41155	0.0014139601187931436	0.9964860628993039	0.002099976981899233
41156	0.004511637039797252	0.7892107575594562	0.20627760540074724
41157	0.11295739720321508	0.8661669985816207	0.020875604215167556
41158	0.09856265513098776	0.8619294287674689	0.03950791610153817
41159	0.012910150455130418	0.9762255667017715	0.010864282843101727
41160	0.40237248176349005	0.3535501326759677	0.2440773855605421
41161	0.015057698571083975	0.806479177620823	0.17846312380809268
41162	0.02283766340304151	0.9669096541423924	0.010252682454560354
41163	0.0011805015541287575	0.8778215667368605	0.1209979317090157
41164	0.005021249102474231	0.9310676173062794	0.06391113359124145
41165	0.0851673632736235	0.158779974358413	0.7560526623679626
41166	0.38951814487910447	0.18108396291230708	0.42939789220858926
41167	0.040270167433412704	0.9549960722935178	0.00473376027307305
41168	0.9167312354559666	0.08070790768339815	0.002560856860633458
41169	0.10304164339768876	0.8711459178293716	0.025812438772939546
41170	0.028974211530748962	0.9705587763855406	0.00046701208371029016
41171	0.015080421906971148	0.9786297304966285	0.006289847596401798
41172	0.00043422993943620944	0.9490516908225143	0.050514079238050874
41173	8.572249670271131e-05	0.9998044594881362	0.00010981801515273874
41174	0.009437196446354476	0.8905407009897733	0.1000221025638767
41175	0.6785996911531101	0.2915053503525422	0.02989495849435693
41176	0.002529606180106509	0.9946104288959404	0.002859964923959062
41177	0.0082627395410329	0.6610579834925481	0.33067927696641536
41178	0.9480981707652956	0.04735333509065306	0.004548494144049756
41179	0.02064090019506335	0.06871995477086852	0.9106391450340717
41180	0.21867279162536957	0.7088623784663609	0.07246482990827
41181	0.0022804975467230473	0.9911112505235424	0.006608251929740775
41182	0.009113011608215614	0.9876077553932554	0.0032792329985309745
41183	0.11221572026366453	0.6766798493967611	0.21110443033957396
41184	5.029271673241225e-07	0.9999974737263039	2.02334654211065e-06
41185	0.05055497162209677	0.9439692535087607	0.0054757748691418645
41186	0.9999906322578428	8.923499124243109e-06	4.442430284073968e-07
41187	0.0005363950130016739	0.10482427936070737	0.8946393256262938
41188	0.214860453927735	0.7325043566445765	0.05263518942768817
41189	0.0005208454891671197	0.9988195081695634	0.0006596463412642906
41190	3.0861481044280535e-05	0.9998814731853747	8.766533357865581e-05
41191	0.06635366842989521	0.8802058096971892	0.05344052187291775
41192	0.06383137947657849	0.8994888128977623	0.03667980762566126
41193	0.058809028895999066	0.9390760284312009	0.002114942672800809
41194	0.687337206804123	0.26674618607765754	0.045916607118220654
41195	0.21464154283232637	0.6319788816484427	0.1533795755192327
41196	0.00416974214384129	0.970649149072736	0.025181108783421852
41197	0.0027388372126355667	0.9689638132963004	0.028297349491061108
41198	0.014215789606333363	0.4864648109440833	0.4993193994495824
41199	0.00014886261857968857	0.7152723919273457	0.28457874545407025
41200	1.3203148518399905e-05	0.9996780973830083	0.00030869946845968793
41201	5.295387931247491e-05	0.9997932981032023	0.00015374801748477274
41202	0.004057244067315869	0.043228399623907725	0.952714356308779
41203	0.04921353562717585	0.13075321079804506	0.820033253574776
41204	0.2491020121912857	0.7489880946216274	0.0019098931870844516
41205	0.04004057390363849	0.9417741056085683	0.018185320487788207
41206	0.009567967599944218	0.7478176459327871	0.24261438646726807
41207	0.19267843002399665	0.788410687228729	0.018910882747286063
41208	0.026953489538226773	0.9206159871711864	0.05243052329058194
41209	0.0008635381445135538	0.9881947556043391	0.010941706251151845
41210	0.01866456481684809	0.171048287018524	0.8102871481646249
41211	0.10764715887915853	0.29987012303711336	0.5924827180837283
41212	0.009359640121534481	0.976923786607339	0.013716573271115851
41213	0.005310508514630694	0.8281540613766867	0.1665354301086874
41214	0.022840810907136702	0.8882113458617992	0.08894784323106189
41215	0.08152517357066712	0.8696334609917881	0.048841365437550924
41216	0.8215825711860014	0.17671296874217216	0.0017044600718219786
41217	0.008196754494328835	0.9895988853829963	0.002204360122673335
41218	0.001541365219063486	0.9930203547564787	0.005438280024457815
41219	0.00015130413734696586	0.9675655749692891	0.03228312089335979
41220	0.06724945530565185	0.9177020233048989	0.015048521389452073
41221	0.11875939797254333	0.6391630299976531	0.24207757202980543
41222	0.0023598447770178947	0.9965068674400398	0.0011332877829397813
41223	0.0016584889990472619	0.9983395344320821	1.97656885834824e-06
41224	0.07196050561703321	0.6520969039321971	0.27594259045077196
41225	0.014658493388004188	0.5326936208115195	0.45264788580047716
41226	0.1251877087980891	0.8734278863999609	0.0013844048019459555
41227	0.005018000414764444	0.9941498479449677	0.0008321516402618162
41228	0.052162531212534446	0.9343303555342353	0.013507113253228904
41229	8.696335389700617e-05	0.9998343377078724	7.86989382329279e-05
41230	0.9980146023963475	0.0016516428476601812	0.0003337547559901155
41231	0.9863246861201383	0.0076945308767186514	0.005980783003141548
41232	0.029293752666552927	0.599862198716653	0.37084404861679243
41233	0.00704065443146994	0.8451065572629173	0.1478527883056124
41234	0.40123990758856165	0.5871283067976923	0.01163178561374466
41235	0.03413187085280495	0.964954274471021	0.000913854676176633
41236	0.003166627030386154	0.996779027538375	5.434543123397565e-05
41237	0.12764620944689875	0.8636965755884531	0.008657214964643048
41238	9.402449446712074e-05	0.9998934246566362	1.2550848905351284e-05
41239	0.938281078675048	0.029596087201886553	0.03212283412307582
41240	0.7293539728707243	0.19188913881726108	0.07875688831200905
41241	0.703129832242365	0.2741087789632689	0.022761388794363003
41242	0.003066466027835232	0.9967014062563984	0.0002321277157640708
41243	0.6430646161118049	0.3513806010749808	0.005554782813211196
41244	0.8457351913176211	0.15116378552886114	0.0031010231535207283
41245	2.3075690998693562e-05	0.998520529369174	0.0014563949398203656
41246	0.09995056163843538	0.8897623597239294	0.01028707863763753
41247	0.006141179632145586	0.09999815548259278	0.8938606648852596
41248	0.06498224987589182	0.2638546205155256	0.6711631296085838
41249	0.017052987015337594	0.8546766962423245	0.12827031674233655
41250	0.1389028833823894	0.07364109214476357	0.7874560244728445
41251	0.0003838198142371165	0.9818175619706776	0.017798618215079675
41252	0.00012539460642263465	0.9972897365723361	0.002584868821239475
41253	0.0005033254455730058	0.9982082413512635	0.001288433203159065
41254	0.39692071869674883	0.5968779207738779	0.006201360529368259
41255	0.08621718982938198	0.9111956698884702	0.0025871402821474603
41256	0.005337478758594697	0.9859789681500679	0.008683553091340529
41257	3.633843432597403e-05	0.9981909648141442	0.001772696751527412
41258	0.0008346431838417654	0.9989451442319485	0.0002202125842154003
41259	0.0002771362853911816	0.8336553789997371	0.16606748471487068
41260	0.11939683909730084	0.297977733608848	0.5826254272938535
41261	0.448772924682403	0.27928486555527987	0.2719422097623193
41262	0.4178695314852578	0.5270693790868317	0.055061089427911984
41263	0.006140224766918314	0.9841769804500949	0.009682794782979764
41264	0.0006804602642206163	0.987975559678882	0.011343980056900477
41265	0.002738794869990842	0.9915913030240079	0.00566990210600365
41266	0.004067910101107923	0.9931616904854533	0.002770399413443132
41267	0.08556075629403748	0.7639054232028296	0.15053382050313077
41268	0.004931909581801327	0.9905727743450207	0.004495316073179344
41269	0.00045340980893641736	0.9994379445550152	0.00010864563604835041
41270	0.02349949057106852	0.9311784458326592	0.04532206359627414
41271	0.0027964075328590758	0.9402057268582602	0.05699786560888065
41272	0.025011409600035298	0.9665440141562591	0.00844457624370502
41273	0.0006983086535034283	0.998221067179637	0.0010806241668627758
41274	0.04448858795101127	0.8776202552307687	0.07789115681821844
41275	0.002038525041548549	0.997418418362504	0.0005430565959509611
41276	0.013092081508247718	0.9866759991391573	0.00023191935258946479
41277	0.002030814403899713	0.9965569370216562	0.0014122485744510083
41278	0.027261836355394767	0.1488150454334561	0.8239231182111478
41279	0.023470328120517376	0.7313336260370112	0.24519604584247107
41280	0.2517083114569234	0.7123076468050774	0.03598404173800003
41281	0.0002948989646633781	0.9903499033550596	0.00935519768028235
41282	0.006227391428134342	0.993291358787293	0.0004812497845733808
41283	0.19794239762397856	0.8011261916415514	0.0009314107344731154
41284	0.0279608616592837	0.6784014976053426	0.2936376407353737
41285	0.036697091018017755	0.9072496902952396	0.05605321868674225
41286	0.2285781847925385	0.7329986910944603	0.038423124112999904
41287	0.0009848883181911587	0.998854807764833	0.00016030391696901134
41288	0.01715846802575621	0.9793417333304311	0.0034997986438142785
41289	0.06553068982255318	0.5866854018073399	0.3477839083701097
41290	0.9073983556837113	0.05285802766293376	0.03974361665335302
41291	1.1459579375503643e-05	0.06233503225537445	0.9376535081652567
41292	0.00646562481163238	0.9872663433086583	0.006268031879704674
41293	0.10199093221232193	0.5908169821090876	0.30719208567859374
41294	0.35479385318848	0.512504009299906	0.13270213751161417
41295	0.0011955282020746421	0.991998295096352	0.0068061767015674
41296	0.08218570019160627	0.609758747684586	0.30805555212380215
41297	0.1237078820758107	0.8648643016537136	0.01142781627047948
41298	0.06617633860468652	0.9276701181697303	0.006153543225581736
41299	0.009030991609094223	0.9906118597775435	0.0003571486133564364
41300	0.23308743960806733	0.29089692221665936	0.4760156381752718
41301	0.0007222865443865435	0.1448862759149761	0.854391437540639
41302	0.010433240066249932	0.9895463822934926	2.037764025590213e-05
41303	0.6098186326882307	0.38482934728606377	0.005352020025710312
41304	0.0037954911698450345	0.9481105900984789	0.04809391873168078
41305	7.193100515222534e-05	0.9998878552260861	4.0213768755508324e-05
41306	0.06803444865835497	0.5885430457406654	0.34342250560098153
41307	9.211807415333022e-05	0.9997941981780103	0.00011368374784617744
41308	0.0008216657700948632	0.9977660538469193	0.001412280382979851
41309	0.006881345616791602	0.9867179256783106	0.006400728704898819
41310	0.18335698547420626	0.5217021875518194	0.29494082697397783
41311	0.20998084834529818	0.6499318233999715	0.14008732825473064
41312	0.0047500820203875225	0.9029739020195634	0.09227601596004714
41313	0.002194040425637668	0.9942404729365174	0.0035654866378573035
41314	0.0024612546666057805	0.9543373448505491	0.04320140048284068
41315	0.0261660141797357	0.9587990445577388	0.015034941262526158
41316	1.9813574720642155e-05	0.9999725761889158	7.610236364274263e-06
41317	0.008611631249126105	0.9913588377852375	2.9530965635282225e-05
41318	0.08953975643092286	0.865189458931002	0.04527078463807366
41319	0.17162775959568022	0.15161344830130474	0.6767587921030136
41320	0.010944831710130295	0.5597292076654681	0.4293259606244004
41321	0.001253013318103279	0.991037520599106	0.007709466082789574
41322	0.003910515027539504	0.9956981583603772	0.00039132661208496637
41323	0.0034005339261570775	0.9756905199669704	0.020908946106878924
41324	0.0002711679366259826	0.8341660447410808	0.1655627873222945
41325	0.10519344341203876	0.8487543937916512	0.04605216279630769
41326	0.032825469129100185	0.37233398763474673	0.5948405432361533
41327	0.060389106589531456	0.9194383092936791	0.0201725841167917
41328	0.5573960768683172	0.38719015409131896	0.055413769040364026
41329	0.005558433923177897	0.9924450027515136	0.0019965633252977013
41330	0.004458554144530254	0.8757051346115223	0.11983631124394992
41331	0.01875649458192223	0.9186398873592089	0.06260361805886923
41332	0.02375015040318136	0.821748098711574	0.15450175088524393
41333	0.13164274602426143	0.8615046144410277	0.006852639534715548
41334	0.014177893911890458	0.9767819071825572	0.009040198905554093
41335	0.3044648301646498	0.5776231256115821	0.11791204422376698
41336	6.030948529418797e-06	0.5909072732152705	0.4090866958362038
41337	0.7909401190393853	0.1901542320890919	0.018905648871520717
41338	0.09606425550777936	0.8906429102301762	0.013292834262047673
41339	0.012303123716745858	0.8490282189805656	0.13866865730268232
41340	0.14321196269643213	0.7021257308541423	0.15466230644941917
41341	0.5476323121029354	0.35444431649498453	0.09792337140207408
41342	0.0010147537908056998	0.9983412631189552	0.0006439830902372748
41343	0.06059506702101254	0.9393700404227278	3.489255625406144e-05
41344	0.01293798294386126	0.3233861982559453	0.6636758188001913
41345	0.2045127410668741	0.6175747074645193	0.177912551468606
41346	0.0010766539842346208	0.9984925333747326	0.0004308126410311513
41347	0.005495349310845256	0.9769836854539021	0.01752096523525361
41348	0.14277711985927874	0.8279244432635084	0.02929843687720862
41349	0.017786720940438035	0.9805715823807764	0.0016416966787903924
41350	0.058717920234601054	0.22665987005055843	0.7146222097148422
41351	0.3538332381379281	0.3405903738429441	0.3055763880191326
41352	6.40866622799143e-05	0.9996670763670511	0.0002688369706688623
41353	0.011775803588359545	0.9874253339031086	0.0007988625085280513
41354	0.0006285847840969207	0.898266563674659	0.10110485154124556
41355	0.5205315062524096	0.30917317933028354	0.1702953144173132
41356	0.0009470003953094192	0.8154759439825483	0.18357705562214038
41357	0.524048162882005	0.23463196702642122	0.24131987009157627
41358	0.014079483517691603	0.2843296980074464	0.701590818474864
41359	0.0001118028143438084	0.9995389824740019	0.0003492147116669675
41360	0.001953936110452007	0.9979010519461757	0.0001450119433725781
41361	0.04336020286873178	0.18071864148560948	0.7759211556456589
41362	0.03989088959200263	0.9449994049522004	0.015109705455796908
41363	3.371389778187385e-06	0.00037069837580461646	0.9996259302344243
41364	2.67252274895323e-05	0.9999584566666696	1.4818105829045737e-05
41365	0.015998659016889176	0.9839320725641243	6.926841899498691e-05
41366	0.03179799069866046	0.9403427053800175	0.027859303921322888
41367	0.03844880201451558	0.9614416202576531	0.00010957772782714842
41368	0.06425634933884555	0.9227203585073709	0.01302329215378484
41369	0.012119647170465432	0.9359140147102831	0.0519663381192511
41370	0.047476657381119496	0.9489938426254055	0.0035294999934763795
41371	0.00597874747690116	0.9672130745494686	0.02680817797362614
41372	0.12322782500629059	0.8399329422249477	0.03683923276876712
41373	3.4489928620508094e-05	0.5716686306629684	0.42829687940841404
41374	0.013197243998988991	0.7434928898589829	0.24330986614202915
41375	0.01588587830884919	0.9407176604252128	0.04339646126593599
41376	0.0026102657431717985	0.9973802052038844	9.529052940375946e-06
41377	0.16938478732559262	0.8232783638166193	0.007336848857786687
41378	0.07993339207363921	0.8719123377363299	0.048154270190032204
41379	0.13010983387923386	0.7999102453444934	0.06997992077627228
41380	0.20310223452858248	0.6790204106405744	0.11787735483084301
41381	0.2063762923671	0.7926925389863004	0.0009311686466029796
41382	0.0028088539927268717	0.9774636005818217	0.019727545425451385
41383	0.004576894573699024	0.8167423861875687	0.17868071923873105
41384	0.0006333397251548097	0.9836600729833958	0.01570658729144325
41385	0.932837464314522	0.04190860496533434	0.02525393072014346
41386	0.08709509209623474	0.8301651047023106	0.08273980320145197
41387	0.007906837255914087	0.9830887533436694	0.009004409400421751
41388	0.46751626404745955	0.4588954862901042	0.07358824966243485
41389	0.357405549825418	0.5612733701418443	0.08132108003273567
41390	0.17345999385097877	0.6705387191145481	0.1560012870344704
41391	0.01693608848034594	0.9823225408757724	0.0007413706438794307
41392	0.4379601906748244	0.26831230341051066	0.2937275059146649
41393	0.6297875795099447	0.2467254572154545	0.12348696327460422
41394	0.013613321850829451	0.9390125980447017	0.04737408010446227
41395	0.0009048285201511054	0.7323599837208239	0.26673518775902255
41396	0.05304644865741183	0.9432100946265656	0.0037434567160187586
41397	0.00044864478101498976	0.9985480578423672	0.0010032973766220205
41398	0.032497538263777784	0.7969156474060511	0.17058681433016754
41399	0.00045979448047469266	0.9995137606136997	2.644490582660798e-05
41400	0.020779771083051148	0.9748744656254779	0.004345763291472761
41401	0.0016488262680754825	0.9316219202640302	0.06672925346789106
41402	0.00010766651447430179	0.9908953784571749	0.008996955028348519
41403	0.3589501955031669	0.6178171983426827	0.023232606154152957
41404	0.11189550944689289	0.873277115360709	0.014827375192397435
41405	0.017886301193176343	0.9815990847284973	0.0005146140783204113
41406	0.06351289763868927	0.42738752117927453	0.5090995811820369
41407	0.002969879173517857	0.6121855946562272	0.3848445261702607
41408	0.010668398604925614	0.9509813074149147	0.03835029398016002
41409	0.12166819197012582	0.7865544930988212	0.09177731493105493
41410	0.008872169098214523	0.9822028098423115	0.008925021059473215
41411	0.0016572008266838472	0.9966850825897355	0.0016577165835751015
41412	0.0006234519035445316	0.9812680052039544	0.01810854289249994
41413	0.15555613421026698	0.8161189528675534	0.02832491292218277
41414	0.03214296921159436	0.646006524810485	0.32185050597791787
41415	0.5729950779637998	0.37716530851981733	0.04983961351638007
41416	0.5712488784277358	0.1681982652759126	0.2605528562963488
41417	0.005651073699244096	0.9933262874074191	0.0010226388933396344
41418	0.4580307830542964	0.5402989673269646	0.0016702496187384818
41419	0.3583634384941678	0.5826470760099937	0.05898948549583585
41420	0.01779614887098445	0.9789176250430125	0.003286226086004496
41421	0.004218815767787264	0.9655673321595137	0.030213852072705636
41422	0.5106321137806061	0.3023331343819491	0.1870347518374395
41423	0.7992619073725545	0.15637060721026777	0.04436748541717984
41424	0.0696350344528931	0.3894678158353346	0.5408971497117734
41425	0.015594058557052587	0.9808885192329693	0.003517422209975958
41426	0.03232014190906883	0.9676100369868174	6.982110411358965e-05
41427	0.0024584219365489527	0.9203472463686464	0.07719433169479882
41428	0.15744957489954772	0.8332170268221443	0.00933339827830824
41429	8.419036227914145e-06	0.9999047261310595	8.685483271701622e-05
41430	0.001388748126692165	0.9983099398601484	0.0003013120131530755
41431	0.0019440682891040087	0.9960466444306192	0.0020092872802826337
41432	0.004525481065643018	0.9950241562657408	0.0004503626686186414
41433	0.0008227957118738093	0.9858329555390211	0.013344248749107243
41434	0.6348751766408229	0.35008951351682516	0.015035309842351666
41435	0.9425750465314974	0.05733336458965957	9.158887883826104e-05
41436	0.059670112632616616	0.7701629231121394	0.17016696425525102
41437	0.21869146059609149	0.7038617196488628	0.07744681975504268
41438	0.039514777414145184	0.9549103876924361	0.005574834893415728
41439	0.006174260830951441	0.4800521002522951	0.513773638916752
41440	0.03255066851179902	0.6310925969796995	0.33635673450850373
41441	0.018787076935327843	0.9811785695998548	3.4353464827021927e-05
41442	0.00042898125763655916	0.9280647030871771	0.07150631565518621
41443	0.5525754114471636	0.39615271056325824	0.05127187798957749
41444	0.04173925920749381	0.9237563043069753	0.0345044364855302
41445	2.714033324329033e-06	0.9998951997663155	0.00010208620036544299
41446	0.9707366368328701	0.0289503452456319	0.00031301792150424847
41447	0.009020159198549453	0.9503071439341244	0.040672696867323506
41448	0.00356948322585378	0.9964088533316254	2.166344252364336e-05
41449	0.0027211678726135925	0.989865999649296	0.007412832478094368
41450	0.07362272407504486	0.9170221645511385	0.009355111373815811
41451	0.4194322771332551	0.5579735062560234	0.022594216610723285
41452	0.014986820116821373	0.8315890044699716	0.1534241754132031
41453	0.17623228535531366	0.670177248123632	0.15359046652105424
41454	0.4452170131954037	0.5052790579434808	0.04950392886111657
41455	0.2452136024486944	0.5110062473932389	0.24378015015806664
41456	0.825213234278338	0.17472116840240567	6.559731926028557e-05
41457	0.0003799934767558369	0.9994862288911234	0.0001337776321246532
41458	3.692087203513834e-05	0.9946632926628001	0.005299786465170717
41459	0.018867978900593885	0.9794876579723353	0.0016443631270729095
41460	0.25083322727370044	0.7361527577461537	0.013014014980147232
41461	0.9609810105061887	0.01732003732836138	0.02169895216545031
41462	0.0032928938588763076	0.9964168075488409	0.00029029859227691423
